
%---------------------------------------------------------------------
%    parameters for Multi-layer Perceptron classification
%    DO NOT EDIT: indexing corresponds to trained mlp parameters
%
% Author: Sumit A. Raurale
%         ECIT, Queen's University Belfast, UK
%---------------------------------------------------------------------

% ================== TRAINED NEURAL NETWORK CONSTANTS ==================

% Input 1
x1_step1.xoffset = [-0.018120567719718;-0.0258405053051953;-0.0330061298971517;-0.0123288647676993;-0.0135379740619198;-0.0233174395226435;-0.0211682716618323;-0.0190809353893061];
x1_step1.gain = [38.5085568397822;34.0345991750974;37.663983744615;80.7268579212723;60.5657815679833;34.9010220521464;60.6042687836593;43.7323780197622];
x1_step1.ymin = -1;

% Layer 1
b1 = [0.95493574135046178;-1.3662842562284043;-1.2168943097405143;1.9403091405291928;0.77093590454141248;-1.5390910533674009;1.5536284364004243;-0.48805951609368259;-0.77581822949767953;0.022864772980851898;-2.4276038124597887;-0.10301345172890608;-0.94026825891642196;0.62651710560294782;-1.3711179717526414;1.3701362558993337;1.3520611480546494;0.6421339782729607];
IW1_1 = [-2.5629368661494603 -1.0715212743231799 -0.87169201668773022 0.17296889951930089 -0.51258916384825404 0.82294213700419194 0.99436607813556177 0.39223210292876876;0.51337067638748568 3.4309694786712637 0.23875208224540187 -0.30473266629762807 -1.9264708778950923 1.1250087602315466 0.427249152569807 4.8494813294409411;-0.0052705269823664358 -0.61006118155182343 -0.44749002411188887 1.4858183571060808 -0.38790225814018453 0.66562982924635672 1.7069624453826262 0.75082094624032036;-1.4381692858642305 0.51251921927784805 -2.6880634921533639 2.6684318293892844 0.2201399711203918 3.4251205466827379 1.6214639430493789 0.79493191765991766;1.1138795397410812 3.3231360945818076 -0.050245771605065478 1.6464558614391742 1.0448542602255002 -1.1231765773008888 -2.1901526349911311 -0.74267902514382911;-0.036857384556133257 2.0606086665814614 0.72423414861621283 -0.81938804745177762 0.021035383987878895 -1.7154477589881596 -0.047079542149393916 0.44093236455624873;0.59925748830204217 1.3113663131044317 -0.85619993522750293 -1.3341201783538978 -0.071941369767289293 1.4567155448233562 0.060551599235226322 1.0845452110754366;-0.44766649026734334 1.8563642034206946 -1.336697198176263 -0.94209575254837064 0.71523991482533744 -3.7390231379086178 -3.360660860594356 -1.2595669159407845;-1.4568138656848073 -1.2485472612693789 0.44132472792960176 -0.4014575269894512 -0.71214607018391607 -0.62344398806888568 0.33489759461807811 2.0523029639734895;1.5861998372342669 0.79737267202058704 4.3991437723152957 2.1618654739481107 1.5465860557879623 3.8655286910137829 0.76133609184451689 -0.48944411500672214;-3.6361690068036188 -2.3046683795324401 0.37288538889685396 -1.5417182683346569 -0.018266253725832113 1.7202534450497582 -1.8953835502952303 -1.1008509464479566;-3.2656571964492613 0.89925659167159644 1.0351793072576083 0.56763508040261601 2.1307175224341912 0.3553546176101281 -0.68192870377047121 -0.66403823028252906;-2.6897063933793 0.18872283820787086 -1.3951964882158425 -0.82237334999205136 -0.0023925320417945116 1.3477112164982437 -2.7233287443708143 1.9439353741840919;0.22084365349985957 -2.9862621136347576 1.3551345578253349 0.97912768455937582 -3.460231185731772 -1.3747446389330913 -1.7595328951356963 -0.36536675175514177;0.11491064717169372 0.022519057713613427 -3.9598638887667477 1.3007129614745372 0.33139144573369983 -0.60132413564689868 0.71729154786918037 -0.40204612844439808;0.41487629354421818 3.0331352443697237 0.10887263400104752 3.0614126859376252 -2.0065516173062847 0.92423917772547315 0.98649266910914823 2.6122829234865215;2.0060421915185809 0.10326034054473698 0.76647569226009915 0.17993391112872986 -0.77101401745568621 -2.8629190041012063 0.075870973450766613 1.731017087634235;-0.25798454467979481 -0.50861853260402157 1.0441154025906498 0.37798489279794967 1.514082250497724 -0.25049592183651215 0.60523479072342401 0.87209001129162522];

% Layer 2
b2 = [-2.2366779955690697;-2.4024598371768588;-0.6270949498383358;-1.2137948706808515;-0.11359510850404585;-3.1812290881284415;-2.6566856308757409;-4.5985996110464429;-2.5981698327403397];
LW2_1 = [-0.03808414508896521 -0.40781563060089898 -0.71444510696741892 -0.033274938046257294 0.90472256349878322 -0.15679201827440589 -1.0482079729825011 0.38198524373480558 1.1059947796508862 0.52029716070235354 -0.15569078275305537 -0.57306201334633211 0.19561206084483362 -0.81509772214123966 -0.86958672782564073 -0.51536717977872104 0.27738256307742476 -0.94209638103511051;-1.2228136990567202 -0.88487440255008609 0.32608070681077334 -0.49421685319015335 -0.52175639201311319 -2.0142637455679449 0.98549112750355883 1.9101505829608461 -0.20516527965597831 1.1784833349722275 -0.025404522683982925 0.82189479091723872 -1.5130947624934672 -1.0467153019112529 -0.67318561022153445 -0.19488995479933457 0.30065187234093316 -0.30943419884872381;2.4061801213703582 1.4612902221670185 -0.879644335390251 -0.36052561283164541 -1.3030014195433988 0.18988800683252238 -1.9960267966717964 1.7948470620851558 -0.52826849398395048 1.1239802834844417 0.016269578361898421 1.1362044326492404 -2.4019892069826869 -1.4341648544634817 -2.2671626782575238 0.49340881711153489 0.080942548449558005 -3.8548144904643462;-3.605071217190817 -0.78963423835487856 1.4691922083703075 -1.0945623970610188 0.93912175862677794 -4.029763012412964 -0.23331387017237806 -0.69835201763402144 1.6894089380281279 -0.15137709581646575 -0.62309075618461573 0.50953566082878021 -2.8395999766422206 -2.4071836310608323 -4.800988750707587 -1.1282982823054286 -0.32817236428649588 -4.5727516824035215;1.5876366836371834 -0.073914384465541466 2.3823247573942639 -1.5940374333332175 0.2747207096224904 0.99992277836557031 0.25519455055828594 -1.1906856849828586 -1.1435694173804052 -0.55631914019072481 0.73709509048982647 1.5093146569882314 1.1953163306479002 -1.5917372958416149 -2.6573973796841388 1.7775105781689124 0.087464183538456974 1.3994405840557023;-1.1601686319154572 0.4281046307494184 1.3917618054264849 -2.2312545681592386 0.76664548897434126 -4.5714691245178551 0.21591361312968921 -0.14485631073468577 0.120079628978585 -0.27547945508324378 0.28735931685489402 -0.74146090991682956 -3.0102489458774842 -0.80544660057806361 -1.4120639774525043 0.33755136442966516 -1.344213561571743 2.8487954371566837;-0.77926957362808902 -0.19394552468294121 0.86979002039712694 -0.24399284494091597 -0.4605370279023554 0.99081651514949165 -1.8572259550213757 0.37483777386866357 -2.2822640974394206 0.41471506149587162 -1.4817607268603561 -2.451857746402172 0.099402654622146272 0.77860727795299645 -1.6378366492204124 1.2264672440541595 -0.6175571049341434 -0.46150278764184754;-2.4337574324373543 -0.62793316594385762 -1.8080055796072392 0.76587321520620166 -1.7850302769462185 -3.11614292693291 -0.83608110269444136 2.8342813868296037 0.82657666596654522 1.1097160328130904 -1.8434958515163948 -0.067765295860009664 0.69319215124333255 1.7869508865920913 -0.42132193577280902 -0.71982393712216663 -2.2514038792674747 1.594771222451338;-0.31769066664961915 -1.3470489811720798 -0.61438420810866412 -0.56805950665703886 1.1634323243168994 -2.9426102518612778 -0.048320892880206787 0.34709346306549549 2.6112654464313123 -0.5302084002414561 0.12794054191206322 0.63128489128712062 1.7288779216480019 -0.49587458332545953 -0.41036026769463652 0.57648231050520993 -0.33315396579396278 -1.4118762992498501];

% Layer 3
b3 = [-4.4579537309494359;-1.7323660738730846;-4.4209238193686451;2.5697834161239776;1.8604979430919175;-2.4335584666497247;1.919079241033335;0.7573250960682808;1.6860312447238772;-1.4644506234470462;-0.41791986981975449;-2.1797532415011394;-1.69686240022624;-0.66790382367717527;-1.8962942105413674;1.6603055888810661;-3.699942664323669;-0.79861232189386666];
