%--------------------------------------------------------------------------------------
%    parameters for linear discriminant analysis projection/dimesionality reduction
%    DO NOT EDIT: indexing corresponds to trained lda parameters
%
% Author: Sumit A. Raurale
%         ECIT, Queen's University Belfast, UK
%--------------------------------------------------------------------------------------

% ========================== TRAINED LDA CONSTANTS ==========================

% trained linear discriminant analysis parameters:
eigvector = [0.00321677304199773,-0.000281519496059716,0.00695677145661008,-0.00133375890846219,0.00155873955947383,-0.00370213493813936,-0.00216890351345255,0.00382499284679123;...
            0.00534818079605116,-0.00462848187064052,0.000274044957003150,0.00127961860960984,-0.00205646985691742,-0.00343545700750638,0.000282908034904360,-0.00105937586308906;...
            0.00451712864446627,-0.000629752428924191,-0.00105780051227916,0.000253211722109470,-0.00146124004225047,-0.000858528182196822,0.000198424879414680,-0.000759968858141728;...
            0.00351108063626466,-0.00311735731985268,-0.00200827426113907,6.76095101005965e-05,0.00135878681482880,-0.00300254524836365,-0.000133730026260564,0.000922724234893871;...
            0.00219605210163639,-0.000219456642637337,0.00262774433534703,0.000342047560772207,-0.000241453838732095,0.000457397514258394,-0.00113177507663881,0.00648579463700128;...
            0.00332849130293256,-0.000406361493284605,0.000734437327126146,0.000881006726332021,-0.000381261889669985,-0.00312715807579047,-0.00153386310209980,-0.000329025598058468;...
            -0.000116556859004791,-5.62109272897006e-05,-0.000261294437613199,0.000292638240485899,3.52811168675131e-05,-0.000340109273970355,-4.48569652176192e-05,5.89544115756973e-05;...
            -0.00919768036176246,-0.00148447665668241,-0.00534291555107616,-0.00308205171402942,0.00415024092135949,-0.00748759384335784,0.00299452966233250,-0.000149782794035597;...
            1.43016115652264e-05,3.91954613953465e-05,0.000157732735649979,0.000120011490007146,-4.97118745338499e-05,0.000377077414653792,-1.23320066020477e-05,0.000221563181721467;...
            -0.000747199533818678,0.00111076575747594,0.000200256069471348,0.000686047746768170,0.000586282250530664,0.00180394571012919,0.000332419297525803,0.00199346459243559;...
            0.170265394267422,0.143230102593929,0.185978230975859,0.00561194262859212,-0.00832163777852410,0.125234242364464,-0.00817774130735334,-0.0377673794005249;...
            -0.176290834007451,-0.207039023623172,-0.191509639873786,-0.109443917014758,-0.0303583451095461,-0.0720312694976393,0.0276812945803411,0.0332246688510058;...
            -0.00164276915087289,-0.0318966468302586,0.0783500577685907,0.0315898865894730,-0.0576575451270984,-0.175131299978887,0.000615388222064665,0.0322209688727516;...
            0.00488437012906410,-8.76617497590605e-05,-0.00239211293714048,-0.00339109180868857,-0.00705304062988538,-0.00622095011570021,0.00503001133356063,0.00271727545944913;...
            0.000488807885333455,-0.00478369482521249,0.00538227591160996,-0.00307473959542156,-0.00300330600435645,-0.00250594770035568,0.00236413273869257,-0.00587752021115738;...
            0.00263866908789712,-0.00566497622970776,0.00142108981797176,-0.00174717390276672,-0.00826479521506250,0.000604678381577018,0.00252194345813333,-0.00350097005141406;...
            0.00613165092423120,-0.00241454056010633,0.00201160324720323,-0.00257177817746848,-0.00487584989447774,-0.0127616036948950,-8.89205761718670e-05,-0.000218355629851097;...
            0.00486534898572156,0.000635964342932710,-0.00200672791452807,-0.00101075008886944,-0.000205169645650350,-8.40994584620873e-05,-0.000994956454798869,0.00281876656047956;...
            0.00391528442362538,-0.00194635629791858,-0.00311925335511762,-0.00175821565605988,0.000728040578873513,-0.00389201461660761,0.000916695669198393,0.000790713225427948;...
            0.000614458212582850,0.000612013974244682,0.00105034670980582,-0.000145694170464199,0.000454038439539676,0.000584621852279620,-0.000605505478390743,-0.000335058018548548;...
            -0.00338609030581929,-0.00631852323822676,-0.00204168723162844,-0.00420082828961600,-0.00779363689730914,0.0101666835173007,-0.0119840871757776,0.00845722136993657;...
            2.04880653975739e-06,0.000317030066080238,9.51076228902142e-05,4.61178218629729e-05,0.000187371127959582,-0.000136697573415440,5.68050519637712e-05,-1.69762216395530e-05;...
            -0.000527238825402291,0.00167341694862765,0.000369478365689135,0.000542924936677621,0.00191760678641677,-0.000459902644668293,-0.000390836515963359,0.000536566844707841;...
            -0.168286949693728,-0.0218481312031190,-0.117117631286256,0.214402438843725,0.248852474893638,0.121258446346033,0.386462604831229,-0.0401332122077251;...
            0.199544628340259,-0.0193463803557409,-0.0185874997017615,-0.475421621972511,-0.757291693429739,-0.679383852560529,-0.587101741217598,0.107436382941155;...
            -0.446212098826200,-0.161305355286742,-0.0241234156456710,-0.174192169660454,0.0502058915911331,-0.108537682720923,0.264844627110747,-0.241228962625507;...
            0.00431535560893470,-0.000908960279401578,0.00143193035550704,0.00262593384957707,-0.00170454078979912,0.00375773996680766,0.00247382601656908,-0.0154391640991362;...
            -0.00225533807112305,0.00433334604408633,0.00445344205541266,0.00474088812356079,-0.000829831490467774,-0.00336635460111138,-0.00186271236303672,-0.00536755629584705;...
            0.00141109451914092,0.00640952639298443,0.00646290239264187,0.00241256944028423,-0.000789253609763675,-0.00612491292951944,-0.00407627403447088,-0.00626681633477801;...
            -0.000936678480387109,0.00651799869217054,0.00359763143804513,0.00323677136657083,-0.000210621526326434,-0.00111453037123268,-0.00145036394522025,-0.00818929176623779;...
            -0.000466656007553401,-0.00297363724333842,-0.00146698787659455,-0.00236040100833268,0.00309167572912815,-0.00395809353520195,-0.000829937376921215,-0.00349163092448984;...
            -0.00105597901772485,0.00200347027367324,0.00221156940027272,0.00279240687965859,0.000936292549512743,0.00150042736333476,-0.00190337806426676,-0.000353544236986964;...
            0.000190618226050494,-0.000846887630738223,-0.000330310412712780,0.000357367972535223,0.000410224305954433,-0.000812443262100993,0.000710568259103792,0.000396625938328430;...
            0.00511842724451661,-0.00201644677410214,-0.0115713162953018,0.00272997436428332,0.0124563296310887,-0.00677238535775447,0.00129438020490079,0.00147451162310381;...
            3.40189365207844e-05,-0.000131115830041042,-7.33997790392173e-05,4.57608941824191e-05,4.63621481570525e-05,9.11492383241735e-05,-8.86592084411351e-05,0.000339707741009438;...
            -0.00319582246762016,-0.00214172229217236,-0.00111647638359233,-0.000535346080638800,0.000902627625747534,-0.000950896574261100,5.55617531557340e-06,-0.000686955585285774;...
            -0.102703867797239,0.00843163498649380,0.163074073128136,-0.143494996035578,-0.257040348583239,0.0900889018934926,-0.0316606112750876,0.0469225495889231;...
            0.0512796124813331,0.444813856162689,-0.177485100548927,0.0811819982858597,0.180179388821773,0.0999180417542531,-0.376332825058083,-0.206012873511185;...
            0.523224067405156,0.453371380560105,0.517088137804176,0.296593900901510,0.0207799914124224,-0.396275185645098,-0.425175486897767,-0.615687408723436;...
            0.00223010671459444,-0.00468223237183369,-0.00558220384439443,0.00134046104014977,0.00138895850717898,-0.000869942546775923,0.000845647525973812,-0.00376231208047359;...
            0.00274048422535300,-0.00377698555854734,0.000862753749194328,-0.000303554650365063,-0.00117753747749555,-0.00623072609864521,-0.000249985057065551,-0.000141976142380466;...
